
 NPM(K)    PM(M)      WS(M)     CPU(s)      Id  SI ProcessName
 ------    -----      -----     ------      --  -- -----------
     42   113,02      96,05     407,56     836   4 SotaVPN
     38   312,91     317,36     168,20   14776   4 chrome
     79   169,95     239,19     125,98    2712   4 chrome
     48   374,77     218,55     104,03    7172   4 chrome
     49   185,12     140,84     102,48   24300   4 Яндекс Музыка
     35   126,64     191,33      82,11    3948   4 chrome
    127   172,78     354,21      74,61   13448   4 explorer
     40    34,41      74,66      46,86    4564   4 NVIDIA Share
    192   148,70      33,21      28,45   16960   4 avpui
     14    25,87      30,59      23,92   21348   4 chrome

